11-FEB-2006 15:00:00.000000
# V4 file generated by J. J. Remedios and R. J. Leigh
# PRE profile (mb) for lat -75.0000 degrees, month 1.00000:
  2.4213e-05  2.6150e-05  2.8414e-05  3.0875e-05  3.3659e-05  3.6950e-05
  4.0563e-05  4.4767e-05  4.9556e-05  5.4908e-05  6.1099e-05  6.7988e-05
  7.6022e-05  8.5084e-05  9.5744e-05  1.0810e-04  1.2275e-04  1.4001e-04
  1.6106e-04  1.8611e-04  2.1780e-04  2.5620e-04  3.0369e-04  3.6482e-04
  4.4140e-04  5.3812e-04  6.6186e-04  8.2104e-04  1.0254e-03  1.2899e-03
  1.6308e-03  2.0674e-03  2.6266e-03  3.3363e-03  4.2242e-03  5.3220e-03
  6.6596e-03  8.2671e-03  1.0200e-02  1.2481e-02  1.5183e-02  1.8371e-02
  2.2121e-02  2.6446e-02  3.1480e-02  3.7330e-02  4.4003e-02  5.1672e-02
  6.0526e-02  7.0492e-02  8.1908e-02  9.4967e-02  1.0972e-01  1.2662e-01
  1.4548e-01  1.6694e-01  1.9096e-01  2.1817e-01  2.4885e-01  2.8324e-01
  3.2177e-01  3.6501e-01  4.1361e-01  4.6803e-01  5.2905e-01  5.9746e-01
  6.7415e-01  7.5989e-01  8.5548e-01  9.6290e-01  1.0834e+00  1.2190e+00
  1.3716e+00  1.5433e+00  1.7364e+00  1.9537e+00  2.2007e+00  2.4789e+00
  2.7966e+00  3.1556e+00  3.5676e+00  4.0352e+00  4.5730e+00  5.1851e+00
  5.8913e+00  6.6972e+00  7.6351e+00  8.7089e+00  9.9603e+00  1.1398e+01
  1.3096e+01  1.5065e+01  1.7378e+01  2.0074e+01  2.3214e+01  2.6864e+01
  3.1091e+01  3.5955e+01  4.1579e+01  4.8084e+01  5.5607e+01  6.4306e+01
  7.4366e+01  8.6017e+01  9.9558e+01  1.1523e+02  1.3337e+02  1.5458e+02
  1.7927e+02  2.0822e+02  2.4204e+02  2.8164e+02  3.2771e+02  3.8102e+02
  4.4100e+02  5.0896e+02  5.8525e+02  6.7068e+02  7.7051e+02  8.8362e+02
  1.0100e+03
 
# PRE profile (mb) for lat -45.0000 degrees, month 1.00000:
  2.5240e-05  2.7368e-05  2.9706e-05  3.2243e-05  3.5311e-05  3.8737e-05
  4.2562e-05  4.7214e-05  5.2375e-05  5.8521e-05  6.5564e-05  7.3873e-05
  8.3657e-05  9.5197e-05  1.0881e-04  1.2519e-04  1.4453e-04  1.6820e-04
  1.9642e-04  2.3104e-04  2.7307e-04  3.2411e-04  3.8747e-04  4.6530e-04
  5.6073e-04  6.7815e-04  8.2318e-04  1.0033e-03  1.2247e-03  1.4967e-03
  1.8307e-03  2.2360e-03  2.7272e-03  3.3225e-03  4.0410e-03  4.9039e-03
  5.9265e-03  7.1473e-03  8.5946e-03  1.0301e-02  1.2299e-02  1.4663e-02
  1.7449e-02  2.0684e-02  2.4459e-02  2.8875e-02  3.4001e-02  3.9923e-02
  4.6804e-02  5.4773e-02  6.3971e-02  7.4575e-02  8.6653e-02  1.0059e-01
  1.1652e-01  1.3469e-01  1.5537e-01  1.7879e-01  2.0559e-01  2.3570e-01
  2.7005e-01  3.0846e-01  3.5207e-01  4.0103e-01  4.5638e-01  5.1846e-01
  5.8870e-01  6.6793e-01  7.5704e-01  8.5678e-01  9.6943e-01  1.0965e+00
  1.2396e+00  1.4004e+00  1.5826e+00  1.7901e+00  2.0250e+00  2.2918e+00
  2.5950e+00  2.9424e+00  3.3380e+00  3.7921e+00  4.3124e+00  4.9155e+00
  5.6075e+00  6.4051e+00  7.3270e+00  8.3934e+00  9.6346e+00  1.1070e+01
  1.2755e+01  1.4706e+01  1.6992e+01  1.9654e+01  2.2767e+01  2.6422e+01
  3.0690e+01  3.5711e+01  4.1582e+01  4.8475e+01  5.6550e+01  6.6001e+01
  7.7163e+01  9.0259e+01  1.0563e+02  1.2361e+02  1.4461e+02  1.6907e+02
  1.9738e+02  2.3021e+02  2.6763e+02  3.1025e+02  3.5849e+02  4.1230e+02
  4.7337e+02  5.3988e+02  6.1534e+02  6.9816e+02  7.9516e+02  9.0144e+02
  1.0170e+03
 
# PRE profile (mb) for lat -10.0000 degrees, month 1.00000:
  2.5661e-05  2.7955e-05  3.0454e-05  3.3255e-05  3.6709e-05  4.0522e-05
  4.5149e-05  5.0556e-05  5.6972e-05  6.4722e-05  7.3984e-05  8.5140e-05
  9.8615e-05  1.1456e-04  1.3394e-04  1.5707e-04  1.8495e-04  2.1842e-04
  2.5839e-04  3.0629e-04  3.6386e-04  4.3258e-04  5.1462e-04  6.1293e-04
  7.3057e-04  8.7121e-04  1.0389e-03  1.2401e-03  1.4807e-03  1.7679e-03
  2.1059e-03  2.5082e-03  2.9865e-03  3.5442e-03  4.1970e-03  4.9630e-03
  5.8631e-03  6.9119e-03  8.1370e-03  9.5611e-03  1.1235e-02  1.3201e-02
  1.5495e-02  1.8189e-02  2.1350e-02  2.5038e-02  2.9350e-02  3.4382e-02
  4.0189e-02  4.6928e-02  5.4707e-02  6.3716e-02  7.4139e-02  8.5942e-02
  9.9495e-02  1.1477e-01  1.3223e-01  1.5205e-01  1.7444e-01  1.9982e-01
  2.2827e-01  2.6055e-01  2.9668e-01  3.3771e-01  3.8393e-01  4.3645e-01
  4.9551e-01  5.6253e-01  6.3783e-01  7.2319e-01  8.1948e-01  9.2864e-01
  1.0536e+00  1.1954e+00  1.3563e+00  1.5391e+00  1.7496e+00  1.9893e+00
  2.2644e+00  2.5786e+00  2.9412e+00  3.3577e+00  3.8407e+00  4.3975e+00
  5.0412e+00  5.7899e+00  6.6577e+00  7.6757e+00  8.8565e+00  1.0251e+01
  1.1876e+01  1.3781e+01  1.6022e+01  1.8644e+01  2.1734e+01  2.5356e+01
  2.9616e+01  3.4699e+01  4.0707e+01  4.7832e+01  5.6365e+01  6.6550e+01
  7.8796e+01  9.3519e+01  1.1109e+02  1.3183e+02  1.5564e+02  1.8300e+02
  2.1354e+02  2.4790e+02  2.8693e+02  3.2941e+02  3.7769e+02  4.3081e+02
  4.9080e+02  5.5650e+02  6.3035e+02  7.1127e+02  8.0477e+02  9.0668e+02
  1.0170e+03
 
# PRE profile (mb) for lat 10.0000 degrees, month 1.00000:
  2.4577e-05  2.6709e-05  2.9176e-05  3.1871e-05  3.5160e-05  3.8937e-05
  4.3312e-05  4.8760e-05  5.5021e-05  6.2846e-05  7.2068e-05  8.3485e-05
  9.7173e-05  1.1350e-04  1.3334e-04  1.5703e-04  1.8551e-04  2.1984e-04
  2.6073e-04  3.0943e-04  3.6765e-04  4.3711e-04  5.2004e-04  6.1939e-04
  7.3772e-04  8.7891e-04  1.0481e-03  1.2499e-03  1.4905e-03  1.7774e-03
  2.1170e-03  2.5181e-03  2.9916e-03  3.5503e-03  4.2011e-03  4.9622e-03
  5.8557e-03  6.8960e-03  8.1108e-03  9.5304e-03  1.1198e-02  1.3158e-02
  1.5430e-02  1.8094e-02  2.1217e-02  2.4858e-02  2.9104e-02  3.4026e-02
  3.9780e-02  4.6498e-02  5.4206e-02  6.3114e-02  7.3372e-02  8.5062e-02
  9.8511e-02  1.1373e-01  1.3113e-01  1.5078e-01  1.7309e-01  1.9843e-01
  2.2700e-01  2.5946e-01  2.9570e-01  3.3682e-01  3.8319e-01  4.3589e-01
  4.9456e-01  5.6112e-01  6.3623e-01  7.2140e-01  8.1796e-01  9.2745e-01
  1.0516e+00  1.1924e+00  1.3529e+00  1.5351e+00  1.7451e+00  1.9841e+00
  2.2585e+00  2.5718e+00  2.9335e+00  3.3480e+00  3.8269e+00  4.3808e+00
  5.0259e+00  5.7738e+00  6.6392e+00  7.6538e+00  8.8307e+00  1.0221e+01
  1.1840e+01  1.3740e+01  1.5964e+01  1.8558e+01  2.1655e+01  2.5278e+01
  2.9524e+01  3.4589e+01  4.0585e+01  4.7738e+01  5.6272e+01  6.6449e+01
  7.8767e+01  9.3519e+01  1.1109e+02  1.3183e+02  1.5564e+02  1.8305e+02
  2.1380e+02  2.4826e+02  2.8735e+02  3.3009e+02  3.7866e+02  4.3161e+02
  4.9142e+02  5.5720e+02  6.3104e+02  7.1163e+02  8.0489e+02  9.0668e+02
  1.0170e+03
 
# PRE profile (mb) for lat 45.0000 degrees, month 1.00000:
  2.4143e-05  2.6265e-05  2.8765e-05  3.1502e-05  3.4776e-05  3.8594e-05
  4.2954e-05  4.8357e-05  5.4500e-05  6.2122e-05  7.0962e-05  8.1859e-05
  9.4708e-05  1.1000e-04  1.2840e-04  1.5024e-04  1.7654e-04  2.0798e-04
  2.4548e-04  2.9032e-04  3.4384e-04  4.0765e-04  4.8378e-04  5.7460e-04
  6.8291e-04  8.1238e-04  9.6459e-04  1.1447e-03  1.3585e-03  1.6090e-03
  1.9026e-03  2.2452e-03  2.6396e-03  3.0984e-03  3.6296e-03  4.2455e-03
  4.9621e-03  5.7901e-03  6.7495e-03  7.8609e-03  9.1554e-03  1.0658e-02
  1.2390e-02  1.4404e-02  1.6746e-02  1.9467e-02  2.2626e-02  2.6280e-02
  3.0523e-02  3.5453e-02  4.1178e-02  4.7816e-02  5.5488e-02  6.4392e-02
  7.4723e-02  8.6713e-02  1.0061e-01  1.1665e-01  1.3518e-01  1.5660e-01
  1.8115e-01  2.0943e-01  2.4159e-01  2.7853e-01  3.2078e-01  3.6877e-01
  4.2339e-01  4.8497e-01  5.5514e-01  6.3419e-01  7.2431e-01  8.2560e-01
  9.4105e-01  1.0727e+00  1.2227e+00  1.3936e+00  1.5892e+00  1.8140e+00
  2.0724e+00  2.3706e+00  2.7150e+00  3.1124e+00  3.5740e+00  4.1066e+00
  4.7289e+00  5.4493e+00  6.2965e+00  7.2781e+00  8.4167e+00  9.7516e+00
  1.1307e+01  1.3145e+01  1.5287e+01  1.7787e+01  2.0739e+01  2.4200e+01
  2.8238e+01  3.2981e+01  3.8558e+01  4.5118e+01  5.2800e+01  6.1791e+01
  7.2311e+01  8.4624e+01  9.9033e+01  1.1584e+02  1.3543e+02  1.5847e+02
  1.8539e+02  2.1675e+02  2.5305e+02  2.9515e+02  3.4312e+02  3.9765e+02
  4.5909e+02  5.2738e+02  6.0458e+02  6.9001e+02  7.8986e+02  8.9885e+02
  1.0170e+03
 
# PRE profile (mb) for lat 75.0000 degrees, month 1.00000:
  2.6129e-05  2.8735e-05  3.1600e-05  3.5018e-05  3.8967e-05  4.3510e-05
  4.8955e-05  5.5170e-05  6.2595e-05  7.1119e-05  8.1234e-05  9.3017e-05
  1.0704e-04  1.2357e-04  1.4303e-04  1.6628e-04  1.9363e-04  2.2615e-04
  2.6475e-04  3.1046e-04  3.6479e-04  4.2906e-04  5.0522e-04  5.9490e-04
  7.0020e-04  8.2362e-04  9.6791e-04  1.1366e-03  1.3328e-03  1.5594e-03
  1.8224e-03  2.1245e-03  2.4731e-03  2.8751e-03  3.3373e-03  3.8728e-03
  4.4942e-03  5.2153e-03  6.0521e-03  7.0231e-03  8.1500e-03  9.4577e-03
  1.0975e-02  1.2736e-02  1.4770e-02  1.7126e-02  1.9874e-02  2.3054e-02
  2.6730e-02  3.0972e-02  3.5879e-02  4.1563e-02  4.8109e-02  5.5589e-02
  6.4231e-02  7.4217e-02  8.5518e-02  9.8480e-02  1.1324e-01  1.3016e-01
  1.4943e-01  1.7132e-01  1.9611e-01  2.2428e-01  2.5636e-01  2.9287e-01
  3.3453e-01  3.8187e-01  4.3587e-01  4.9717e-01  5.6713e-01  6.4733e-01
  7.3898e-01  8.4408e-01  9.6435e-01  1.1023e+00  1.2608e+00  1.4432e+00
  1.6528e+00  1.8933e+00  2.1713e+00  2.4910e+00  2.8619e+00  3.2897e+00
  3.7918e+00  4.3747e+00  5.0548e+00  5.8537e+00  6.7870e+00  7.8961e+00
  9.2014e+00  1.0758e+01  1.2604e+01  1.4790e+01  1.7434e+01  2.0565e+01
  2.4270e+01  2.8672e+01  3.3849e+01  3.9935e+01  4.7024e+01  5.5305e+01
  6.4983e+01  7.6278e+01  8.9536e+01  1.0510e+02  1.2337e+02  1.4481e+02
  1.6998e+02  1.9936e+02  2.3378e+02  2.7413e+02  3.2083e+02  3.7501e+02
  4.3596e+02  5.0548e+02  5.8359e+02  6.7170e+02  7.7600e+02  8.8877e+02
  1.0100e+03
 
# Last line of file.
