11-FEB-2006 15:00:00.000000
# V4 file generated by J. J. Remedios and R. J. Leigh
# PRE profile (mb) for lat -75.0000 degrees, month 7.00000:
  2.1661e-05  2.3723e-05  2.6044e-05  2.8830e-05  3.1914e-05  3.5642e-05
  3.9911e-05  4.4928e-05  5.0785e-05  5.7656e-05  6.5719e-05  7.5205e-05
  8.6279e-05  9.9478e-05  1.1488e-04  1.3344e-04  1.5520e-04  1.8093e-04
  2.1169e-04  2.4806e-04  2.9118e-04  3.4244e-04  4.0323e-04  4.7480e-04
  5.5908e-04  6.5831e-04  7.7434e-04  9.0992e-04  1.0681e-03  1.2491e-03
  1.4594e-03  1.7030e-03  1.9832e-03  2.3076e-03  2.6827e-03  3.1176e-03
  3.6210e-03  4.2085e-03  4.8928e-03  5.6933e-03  6.6246e-03  7.7084e-03
  8.9695e-03  1.0436e-02  1.2132e-02  1.4092e-02  1.6354e-02  1.8965e-02
  2.1985e-02  2.5446e-02  2.9434e-02  3.4010e-02  3.9236e-02  4.5224e-02
  5.1982e-02  5.9716e-02  6.8458e-02  7.8421e-02  8.9639e-02  1.0235e-01
  1.1666e-01  1.3281e-01  1.5098e-01  1.7146e-01  1.9453e-01  2.2056e-01
  2.4993e-01  2.8302e-01  3.2030e-01  3.6262e-01  4.1065e-01  4.6533e-01
  5.2762e-01  5.9884e-01  6.8031e-01  7.7402e-01  8.8165e-01  1.0056e+00
  1.1478e+00  1.3129e+00  1.5029e+00  1.7238e+00  1.9780e+00  2.2745e+00
  2.6191e+00  3.0263e+00  3.5052e+00  4.0676e+00  4.7432e+00  5.5448e+00
  6.5153e+00  7.6910e+00  9.1150e+00  1.0883e+01  1.3049e+01  1.5680e+01
  1.8868e+01  2.2676e+01  2.7199e+01  3.2571e+01  3.8939e+01  4.6552e+01
  5.5614e+01  6.6403e+01  7.9285e+01  9.4495e+01  1.1251e+02  1.3384e+02
  1.5888e+02  1.8830e+02  2.2270e+02  2.6285e+02  3.0939e+02  3.6280e+02
  4.2271e+02  4.9131e+02  5.6818e+02  6.5511e+02  7.5645e+02  8.7474e+02
  1.0100e+03
 
# PRE profile (mb) for lat -45.0000 degrees, month 7.00000:
  2.1462e-05  2.3408e-05  2.5543e-05  2.8174e-05  3.1076e-05  3.4497e-05
  3.8551e-05  4.3232e-05  4.9019e-05  5.5734e-05  6.3892e-05  7.3540e-05
  8.5117e-05  9.9087e-05  1.1567e-04  1.3564e-04  1.5940e-04  1.8769e-04
  2.2172e-04  2.6237e-04  3.1102e-04  3.6911e-04  4.3833e-04  5.2082e-04
  6.1882e-04  7.3526e-04  8.7361e-04  1.0380e-03  1.2311e-03  1.4584e-03
  1.7248e-03  2.0328e-03  2.3916e-03  2.8072e-03  3.2928e-03  3.8601e-03
  4.5173e-03  5.2865e-03  6.1866e-03  7.2400e-03  8.4696e-03  9.9020e-03
  1.1568e-02  1.3509e-02  1.5763e-02  1.8375e-02  2.1401e-02  2.4904e-02
  2.8972e-02  3.3681e-02  3.9114e-02  4.5390e-02  5.2630e-02  6.0998e-02
  7.0601e-02  8.1610e-02  9.4220e-02  1.0871e-01  1.2540e-01  1.4442e-01
  1.6623e-01  1.9100e-01  2.1931e-01  2.5160e-01  2.8838e-01  3.3035e-01
  3.7777e-01  4.3181e-01  4.9293e-01  5.6262e-01  6.4130e-01  7.3098e-01
  8.3320e-01  9.4972e-01  1.0825e+00  1.2347e+00  1.4103e+00  1.6128e+00
  1.8475e+00  2.1201e+00  2.4360e+00  2.8077e+00  3.2391e+00  3.7491e+00
  4.3454e+00  5.0517e+00  5.8835e+00  6.8591e+00  8.0113e+00  9.3609e+00
  1.0944e+01  1.2816e+01  1.5009e+01  1.7565e+01  2.0555e+01  2.4055e+01
  2.8151e+01  3.2944e+01  3.8554e+01  4.5158e+01  5.2899e+01  6.1968e+01
  7.2644e+01  8.5170e+01  9.9771e+01  1.1681e+02  1.3670e+02  1.6013e+02
  1.8751e+02  2.1943e+02  2.5619e+02  2.9873e+02  3.4728e+02  4.0207e+02
  4.6382e+02  5.3183e+02  6.0878e+02  6.9325e+02  7.9200e+02  8.9992e+02
  1.0170e+03
 
# PRE profile (mb) for lat -10.0000 degrees, month 7.00000:
  2.1495e-05  2.3357e-05  2.5379e-05  2.7910e-05  3.0704e-05  3.3959e-05
  3.7931e-05  4.2427e-05  4.8137e-05  5.4696e-05  6.2894e-05  7.2618e-05
  8.4576e-05  9.8959e-05  1.1611e-04  1.3687e-04  1.6176e-04  1.9155e-04
  2.2706e-04  2.6976e-04  3.2091e-04  3.8175e-04  4.5455e-04  5.4138e-04
  6.4481e-04  7.6884e-04  9.1684e-04  1.0933e-03  1.3038e-03  1.5548e-03
  1.8531e-03  2.2045e-03  2.6200e-03  3.1105e-03  3.6872e-03  4.3622e-03
  5.1569e-03  6.0922e-03  7.1902e-03  8.4848e-03  1.0013e-02  1.1804e-02
  1.3910e-02  1.6379e-02  1.9286e-02  2.2710e-02  2.6741e-02  3.1438e-02
  3.6934e-02  4.3353e-02  5.0823e-02  5.9530e-02  6.9598e-02  8.1229e-02
  9.4605e-02  1.0978e-01  1.2723e-01  1.4701e-01  1.6965e-01  1.9539e-01
  2.2449e-01  2.5755e-01  2.9477e-01  3.3718e-01  3.8441e-01  4.3814e-01
  4.9840e-01  5.6688e-01  6.4400e-01  7.3149e-01  8.2994e-01  9.4172e-01
  1.0691e+00  1.2139e+00  1.3791e+00  1.5672e+00  1.7827e+00  2.0291e+00
  2.3128e+00  2.6383e+00  3.0135e+00  3.4457e+00  3.9443e+00  4.5214e+00
  5.1872e+00  5.9661e+00  6.8664e+00  7.9208e+00  9.1438e+00  1.0574e+01
  1.2240e+01  1.4180e+01  1.6477e+01  1.9158e+01  2.2293e+01  2.5980e+01
  3.0316e+01  3.5438e+01  4.1474e+01  4.8633e+01  5.7118e+01  6.7178e+01
  7.9274e+01  9.3847e+01  1.1121e+02  1.3168e+02  1.5514e+02  1.8220e+02
  2.1280e+02  2.4731e+02  2.8648e+02  3.2918e+02  3.7769e+02  4.3081e+02
  4.9080e+02  5.5650e+02  6.3043e+02  7.1178e+02  8.0581e+02  9.0755e+02
  1.0170e+03
 
# PRE profile (mb) for lat 10.0000 degrees, month 7.00000:
  2.2818e-05  2.4735e-05  2.7009e-05  2.9609e-05  3.2460e-05  3.6051e-05
  4.0080e-05  4.4923e-05  5.0660e-05  5.7509e-05  6.5735e-05  7.5643e-05
  8.7403e-05  1.0179e-04  1.1888e-04  1.3954e-04  1.6428e-04  1.9376e-04
  2.2916e-04  2.7167e-04  3.2249e-04  3.8318e-04  4.5614e-04  5.4328e-04
  6.4706e-04  7.7155e-04  9.2008e-04  1.0972e-03  1.3084e-03  1.5616e-03
  1.8634e-03  2.2193e-03  2.6407e-03  3.1371e-03  3.7187e-03  4.4035e-03
  5.2088e-03  6.1534e-03  7.2619e-03  8.5656e-03  1.0097e-02  1.1890e-02
  1.4001e-02  1.6486e-02  1.9413e-02  2.2851e-02  2.6879e-02  3.1591e-02
  3.7103e-02  4.3508e-02  5.0985e-02  5.9709e-02  6.9672e-02  8.1195e-02
  9.4479e-02  1.0962e-01  1.2705e-01  1.4680e-01  1.6931e-01  1.9469e-01
  2.2337e-01  2.5588e-01  2.9264e-01  3.3450e-01  3.8140e-01  4.3474e-01
  4.9488e-01  5.6330e-01  6.4035e-01  7.2785e-01  8.2633e-01  9.3814e-01
  1.0651e+00  1.2094e+00  1.3749e+00  1.5633e+00  1.7795e+00  2.0268e+00
  2.3118e+00  2.6383e+00  3.0135e+00  3.4470e+00  3.9486e+00  4.5299e+00
  5.2008e+00  5.9829e+00  6.8860e+00  7.9435e+00  9.1704e+00  1.0605e+01
  1.2283e+01  1.4241e+01  1.6538e+01  1.9221e+01  2.2386e+01  2.6086e+01
  3.0410e+01  3.5583e+01  4.1672e+01  4.8866e+01  5.7395e+01  6.7531e+01
  7.9778e+01  9.4406e+01  1.1175e+02  1.3216e+02  1.5577e+02  1.8300e+02
  2.1354e+02  2.4790e+02  2.8693e+02  3.2964e+02  3.7816e+02  4.3104e+02
  4.9080e+02  5.5650e+02  6.3035e+02  7.1127e+02  8.0457e+02  9.0648e+02
  1.0170e+03
 
# PRE profile (mb) for lat 45.0000 degrees, month 7.00000:
  2.2427e-05  2.4221e-05  2.6250e-05  2.8631e-05  3.1227e-05  3.4231e-05
  3.7728e-05  4.1582e-05  4.6309e-05  5.1627e-05  5.7899e-05  6.5182e-05
  7.3739e-05  8.3826e-05  9.5813e-05  1.1000e-04  1.2714e-04  1.4733e-04
  1.7225e-04  2.0220e-04  2.3861e-04  2.8338e-04  3.3790e-04  4.0473e-04
  4.8774e-04  5.9032e-04  7.1646e-04  8.7145e-04  1.0627e-03  1.2997e-03
  1.5900e-03  1.9439e-03  2.3736e-03  2.8945e-03  3.5246e-03  4.2830e-03
  5.1933e-03  6.2844e-03  7.5840e-03  9.1251e-03  1.0951e-02  1.3109e-02
  1.5653e-02  1.8638e-02  2.2140e-02  2.6244e-02  3.1020e-02  3.6590e-02
  4.3039e-02  5.0533e-02  5.9251e-02  6.9204e-02  8.0735e-02  9.4030e-02
  1.0928e-01  1.2688e-01  1.4672e-01  1.6941e-01  1.9512e-01  2.2429e-01
  2.5751e-01  2.9477e-01  3.3718e-01  3.8491e-01  4.3929e-01  5.0004e-01
  5.6906e-01  6.4647e-01  7.3420e-01  8.3248e-01  9.4381e-01  1.0695e+00
  1.2117e+00  1.3722e+00  1.5543e+00  1.7624e+00  1.9985e+00  2.2674e+00
  2.5739e+00  2.9279e+00  3.3322e+00  3.7982e+00  4.3335e+00  4.9534e+00
  5.6697e+00  6.4996e+00  7.4619e+00  8.5737e+00  9.8773e+00  1.1386e+01
  1.3146e+01  1.5194e+01  1.7601e+01  2.0413e+01  2.3688e+01  2.7536e+01
  3.2029e+01  3.7304e+01  4.3500e+01  5.0759e+01  5.9229e+01  6.9168e+01
  8.0866e+01  9.4618e+01  1.1073e+02  1.2958e+02  1.5155e+02  1.7715e+02
  2.0633e+02  2.3995e+02  2.7845e+02  3.2138e+02  3.7013e+02  4.2382e+02
  4.8480e+02  5.5112e+02  6.2603e+02  7.0807e+02  8.0362e+02  9.0659e+02
  1.0170e+03
 
# PRE profile (mb) for lat 75.0000 degrees, month 7.00000:
  2.1967e-05  2.3752e-05  2.5710e-05  2.8050e-05  3.0603e-05  3.3470e-05
  3.6876e-05  4.0628e-05  4.4993e-05  4.9955e-05  5.5542e-05  6.1978e-05
  6.9161e-05  7.7605e-05  8.7082e-05  9.8563e-05  1.1176e-04  1.2789e-04
  1.4663e-04  1.7031e-04  1.9874e-04  2.3401e-04  2.7839e-04  3.3372e-04
  4.0365e-04  4.9381e-04  6.0928e-04  7.5671e-04  9.4609e-04  1.1896e-03
  1.5027e-03  1.9079e-03  2.4277e-03  3.0916e-03  3.9213e-03  4.9600e-03
  6.2256e-03  7.7672e-03  9.6119e-03  1.1823e-02  1.4457e-02  1.7576e-02
  2.1241e-02  2.5485e-02  3.0432e-02  3.6186e-02  4.2749e-02  5.0321e-02
  5.9067e-02  6.8923e-02  8.0256e-02  9.3133e-02  1.0775e-01  1.2450e-01
  1.4308e-01  1.6431e-01  1.8823e-01  2.1531e-01  2.4559e-01  2.7972e-01
  3.1799e-01  3.6115e-01  4.0975e-01  4.6417e-01  5.2500e-01  5.9331e-01
  6.6986e-01  7.5593e-01  8.5248e-01  9.6117e-01  1.0833e+00  1.2209e+00
  1.3761e+00  1.5509e+00  1.7480e+00  1.9703e+00  2.2246e+00  2.5116e+00
  2.8425e+00  3.2170e+00  3.6475e+00  4.1357e+00  4.7013e+00  5.3450e+00
  6.0924e+00  6.9482e+00  7.9536e+00  9.1101e+00  1.0451e+01  1.2003e+01
  1.3802e+01  1.5905e+01  1.8347e+01  2.1214e+01  2.4536e+01  2.8399e+01
  3.2870e+01  3.8044e+01  4.4063e+01  5.1047e+01  5.9186e+01  6.8599e+01
  7.9466e+01  9.2111e+01  1.0680e+02  1.2393e+02  1.4382e+02  1.6689e+02
  1.9367e+02  2.2475e+02  2.6103e+02  3.0295e+02  3.5094e+02  4.0496e+02
  4.6602e+02  5.3337e+02  6.0966e+02  6.9285e+02  7.9046e+02  8.9618e+02
  1.0100e+03
 
# Last line of file.
