11-FEB-2006 15:00:00.000000
# V4 file generated by J. J. Remedios and R. J. Leigh
# TEM profile (K) for lat -75.0000 degrees, month 1.00000:
  3.9633e+02  3.8383e+02  3.7088e+02  3.5837e+02  3.4631e+02  3.3473e+02
  3.2354e+02  3.1530e+02  3.0871e+02  3.0259e+02  2.9811e+02  2.9370e+02
  2.8605e+02  2.7800e+02  2.6882e+02  2.5915e+02  2.4853e+02  2.3738e+02
  2.2578e+02  2.1428e+02  2.0369e+02  1.9372e+02  1.8439e+02  1.7599e+02
  1.6846e+02  1.6176e+02  1.5580e+02  1.5079e+02  1.4657e+02  1.4327e+02
  1.4082e+02  1.3935e+02  1.3895e+02  1.3986e+02  1.4248e+02  1.4665e+02
  1.5159e+02  1.5685e+02  1.6224e+02  1.6723e+02  1.7236e+02  1.7776e+02
  1.8346e+02  1.8916e+02  1.9472e+02  2.0018e+02  2.0537e+02  2.1031e+02
  2.1522e+02  2.2025e+02  2.2504e+02  2.2961e+02  2.3399e+02  2.3836e+02
  2.4239e+02  2.4641e+02  2.5027e+02  2.5405e+02  2.5768e+02  2.6118e+02
  2.6448e+02  2.6747e+02  2.7050e+02  2.7348e+02  2.7590e+02  2.7833e+02
  2.8079e+02  2.8232e+02  2.8383e+02  2.8533e+02  2.8595e+02  2.8625e+02
  2.8655e+02  2.8631e+02  2.8542e+02  2.8453e+02  2.8340e+02  2.8152e+02
  2.7964e+02  2.7778e+02  2.7521e+02  2.7267e+02  2.7014e+02  2.6726e+02
  2.6438e+02  2.6153e+02  2.5824e+02  2.5492e+02  2.5161e+02  2.4731e+02
  2.4308e+02  2.3931e+02  2.3712e+02  2.3496e+02  2.3387e+02  2.3359e+02
  2.3331e+02  2.3356e+02  2.3387e+02  2.3410e+02  2.3411e+02  2.3412e+02
  2.3398e+02  2.3368e+02  2.3322e+02  2.3261e+02  2.3186e+02  2.3097e+02
  2.2990e+02  2.2822e+02  2.2600e+02  2.2476e+02  2.2545e+02  2.2885e+02
  2.3537e+02  2.4168e+02  2.4774e+02  2.5354e+02  2.5895e+02  2.5940e+02
  2.5490e+02
 
# TEM profile (K) for lat -45.0000 degrees, month 1.00000:
  3.9091e+02  3.7757e+02  3.6450e+02  3.5188e+02  3.3865e+02  3.2572e+02
  3.1335e+02  3.0178e+02  2.9064e+02  2.8031e+02  2.7049e+02  2.6080e+02
  2.5126e+02  2.4215e+02  2.3347e+02  2.2521e+02  2.1730e+02  2.0997e+02
  2.0305e+02  1.9668e+02  1.9096e+02  1.8574e+02  1.8118e+02  1.7730e+02
  1.7390e+02  1.7100e+02  1.6868e+02  1.6686e+02  1.6565e+02  1.6513e+02
  1.6530e+02  1.6610e+02  1.6739e+02  1.6902e+02  1.7109e+02  1.7367e+02
  1.7654e+02  1.7950e+02  1.8248e+02  1.8546e+02  1.8829e+02  1.9118e+02
  1.9413e+02  1.9712e+02  2.0007e+02  2.0300e+02  2.0587e+02  2.0865e+02
  2.1141e+02  2.1423e+02  2.1708e+02  2.1998e+02  2.2295e+02  2.2599e+02
  2.2916e+02  2.3253e+02  2.3608e+02  2.3963e+02  2.4323e+02  2.4655e+02
  2.4984e+02  2.5282e+02  2.5553e+02  2.5822e+02  2.6093e+02  2.6331e+02
  2.6567e+02  2.6805e+02  2.6978e+02  2.7145e+02  2.7312e+02  2.7384e+02
  2.7432e+02  2.7480e+02  2.7446e+02  2.7368e+02  2.7291e+02  2.7153e+02
  2.6970e+02  2.6788e+02  2.6576e+02  2.6327e+02  2.6082e+02  2.5818e+02
  2.5539e+02  2.5262e+02  2.4981e+02  2.4697e+02  2.4416e+02  2.4138e+02
  2.3862e+02  2.3591e+02  2.3360e+02  2.3132e+02  2.2921e+02  2.2733e+02
  2.2547e+02  2.2373e+02  2.2204e+02  2.2048e+02  2.1921e+02  2.1794e+02
  2.1695e+02  2.1632e+02  2.1614e+02  2.1642e+02  2.1720e+02  2.1859e+02
  2.2081e+02  2.2393e+02  2.2794e+02  2.3300e+02  2.3927e+02  2.4610e+02
  2.5317e+02  2.5952e+02  2.6532e+02  2.7084e+02  2.7580e+02  2.8056e+02
  2.8514e+02
 
# TEM profile (K) for lat -10.0000 degrees, month 1.00000:
  3.7183e+02  3.5650e+02  3.4180e+02  3.2717e+02  3.1085e+02  2.9534e+02
  2.8014e+02  2.6547e+02  2.5179e+02  2.3906e+02  2.2833e+02  2.1949e+02
  2.1256e+02  2.0656e+02  2.0184e+02  1.9781e+02  1.9462e+02  1.9231e+02
  1.9045e+02  1.8909e+02  1.8817e+02  1.8743e+02  1.8689e+02  1.8661e+02
  1.8646e+02  1.8640e+02  1.8640e+02  1.8662e+02  1.8705e+02  1.8776e+02
  1.8886e+02  1.9031e+02  1.9209e+02  1.9421e+02  1.9656e+02  1.9901e+02
  2.0128e+02  2.0306e+02  2.0451e+02  2.0547e+02  2.0619e+02  2.0670e+02
  2.0709e+02  2.0765e+02  2.0842e+02  2.0941e+02  2.1054e+02  2.1194e+02
  2.1358e+02  2.1544e+02  2.1806e+02  2.2071e+02  2.2339e+02  2.2668e+02
  2.3015e+02  2.3385e+02  2.3767e+02  2.4164e+02  2.4543e+02  2.4914e+02
  2.5235e+02  2.5543e+02  2.5771e+02  2.5962e+02  2.6131e+02  2.6301e+02
  2.6435e+02  2.6541e+02  2.6648e+02  2.6706e+02  2.6721e+02  2.6735e+02
  2.6698e+02  2.6602e+02  2.6506e+02  2.6386e+02  2.6231e+02  2.6077e+02
  2.5898e+02  2.5687e+02  2.5478e+02  2.5251e+02  2.5004e+02  2.4758e+02
  2.4491e+02  2.4213e+02  2.3939e+02  2.3645e+02  2.3349e+02  2.3066e+02
  2.2813e+02  2.2564e+02  2.2352e+02  2.2166e+02  2.1980e+02  2.1779e+02
  2.1581e+02  2.1341e+02  2.1077e+02  2.0805e+02  2.0503e+02  2.0205e+02
  1.9883e+02  1.9684e+02  1.9739e+02  2.0076e+02  2.0665e+02  2.1438e+02
  2.2287e+02  2.3105e+02  2.3896e+02  2.4659e+02  2.5386e+02  2.6032e+02
  2.6645e+02  2.7225e+02  2.7767e+02  2.8306e+02  2.8870e+02  2.9466e+02
  3.0093e+02
 
# TEM profile (K) for lat 10.0000 degrees, month 1.00000:
  3.6731e+02  3.5281e+02  3.3738e+02  3.2262e+02  3.0609e+02  2.8952e+02
  2.7367e+02  2.5821e+02  2.4378e+02  2.3093e+02  2.1970e+02  2.1132e+02
  2.0480e+02  1.9956e+02  1.9562e+02  1.9241e+02  1.9009e+02  1.8877e+02
  1.8788e+02  1.8740e+02  1.8713e+02  1.8700e+02  1.8700e+02  1.8700e+02
  1.8700e+02  1.8698e+02  1.8691e+02  1.8707e+02  1.8754e+02  1.8838e+02
  1.8977e+02  1.9146e+02  1.9342e+02  1.9561e+02  1.9784e+02  2.0009e+02
  2.0214e+02  2.0376e+02  2.0509e+02  2.0612e+02  2.0698e+02  2.0769e+02
  2.0833e+02  2.0902e+02  2.0978e+02  2.1065e+02  2.1160e+02  2.1273e+02
  2.1410e+02  2.1567e+02  2.1817e+02  2.2069e+02  2.2324e+02  2.2635e+02
  2.2968e+02  2.3317e+02  2.3668e+02  2.4020e+02  2.4365e+02  2.4704e+02
  2.5018e+02  2.5324e+02  2.5600e+02  2.5840e+02  2.6053e+02  2.6269e+02
  2.6430e+02  2.6546e+02  2.6663e+02  2.6728e+02  2.6742e+02  2.6755e+02
  2.6721e+02  2.6631e+02  2.6541e+02  2.6425e+02  2.6268e+02  2.6112e+02
  2.5930e+02  2.5713e+02  2.5498e+02  2.5263e+02  2.5005e+02  2.4750e+02
  2.4479e+02  2.4200e+02  2.3925e+02  2.3637e+02  2.3349e+02  2.3071e+02
  2.2823e+02  2.2578e+02  2.2362e+02  2.2170e+02  2.1977e+02  2.1766e+02
  2.1557e+02  2.1304e+02  2.1024e+02  2.0740e+02  2.0438e+02  2.0141e+02
  1.9830e+02  1.9649e+02  1.9718e+02  2.0062e+02  2.0650e+02  2.1418e+02
  2.2266e+02  2.3075e+02  2.3863e+02  2.4630e+02  2.5371e+02  2.6023e+02
  2.6647e+02  2.7245e+02  2.7793e+02  2.8332e+02  2.8880e+02  2.9467e+02
  3.0093e+02
 
# TEM profile (K) for lat 45.0000 degrees, month 1.00000:
  3.5435e+02  3.4196e+02  3.2821e+02  3.1503e+02  3.0075e+02  2.8610e+02
  2.7223e+02  2.5926e+02  2.4703e+02  2.3650e+02  2.2682e+02  2.1928e+02
  2.1285e+02  2.0771e+02  2.0358e+02  1.9997e+02  1.9732e+02  1.9508e+02
  1.9318e+02  1.9197e+02  1.9104e+02  1.9037e+02  1.9017e+02  1.9015e+02
  1.9031e+02  1.9080e+02  1.9160e+02  1.9272e+02  1.9429e+02  1.9690e+02
  1.9980e+02  2.0292e+02  2.0590e+02  2.0875e+02  2.1135e+02  2.1345e+02
  2.1530e+02  2.1666e+02  2.1775e+02  2.1861e+02  2.1924e+02  2.1991e+02
  2.2075e+02  2.2153e+02  2.2225e+02  2.2258e+02  2.2285e+02  2.2303e+02
  2.2317e+02  2.2329e+02  2.2341e+02  2.2362e+02  2.2406e+02  2.2451e+02
  2.2496e+02  2.2559e+02  2.2627e+02  2.2704e+02  2.2796e+02  2.2902e+02
  2.3055e+02  2.3224e+02  2.3440e+02  2.3671e+02  2.3932e+02  2.4231e+02
  2.4533e+02  2.4817e+02  2.5065e+02  2.5316e+02  2.5499e+02  2.5613e+02
  2.5728e+02  2.5752e+02  2.5712e+02  2.5671e+02  2.5551e+02  2.5386e+02
  2.5222e+02  2.5009e+02  2.4783e+02  2.4559e+02  2.4325e+02  2.4092e+02
  2.3864e+02  2.3650e+02  2.3438e+02  2.3242e+02  2.3064e+02  2.2887e+02
  2.2716e+02  2.2546e+02  2.2380e+02  2.2220e+02  2.2061e+02  2.1943e+02
  2.1834e+02  2.1744e+02  2.1694e+02  2.1645e+02  2.1629e+02  2.1620e+02
  2.1619e+02  2.1633e+02  2.1658e+02  2.1679e+02  2.1697e+02  2.1713e+02
  2.1749e+02  2.1843e+02  2.2033e+02  2.2360e+02  2.2829e+02  2.3422e+02
  2.4126e+02  2.4780e+02  2.5391e+02  2.5963e+02  2.6574e+02  2.7425e+02
  2.8514e+02
 
# TEM profile (K) for lat 75.0000 degrees, month 1.00000:
  3.3090e+02  3.1801e+02  3.0562e+02  2.9302e+02  2.8058e+02  2.6947e+02
  2.6052e+02  2.5228e+02  2.4597e+02  2.3987e+02  2.3409e+02  2.2872e+02
  2.2399e+02  2.1966e+02  2.1564e+02  2.1229e+02  2.0920e+02  2.0659e+02
  2.0446e+02  2.0269e+02  2.0159e+02  2.0082e+02  2.0043e+02  2.0089e+02
  2.0169e+02  2.0293e+02  2.0476e+02  2.0686e+02  2.0935e+02  2.1234e+02
  2.1551e+02  2.1845e+02  2.2073e+02  2.2235e+02  2.2336e+02  2.2415e+02
  2.2445e+02  2.2460e+02  2.2460e+02  2.2460e+02  2.2461e+02  2.2467e+02
  2.2475e+02  2.2487e+02  2.2508e+02  2.2533e+02  2.2569e+02  2.2611e+02
  2.2665e+02  2.2730e+02  2.2801e+02  2.2895e+02  2.3008e+02  2.3163e+02
  2.3319e+02  2.3476e+02  2.3663e+02  2.3857e+02  2.4075e+02  2.4292e+02
  2.4507e+02  2.4715e+02  2.4916e+02  2.5091e+02  2.5251e+02  2.5355e+02
  2.5428e+02  2.5490e+02  2.5551e+02  2.5560e+02  2.5529e+02  2.5497e+02
  2.5433e+02  2.5351e+02  2.5269e+02  2.5179e+02  2.5088e+02  2.4997e+02
  2.4885e+02  2.4771e+02  2.4651e+02  2.4469e+02  2.4289e+02  2.4085e+02
  2.3822e+02  2.3563e+02  2.3272e+02  2.2965e+02  2.2662e+02  2.2303e+02
  2.1947e+02  2.1598e+02  2.1255e+02  2.0925e+02  2.0708e+02  2.0494e+02
  2.0451e+02  2.0461e+02  2.0550e+02  2.0742e+02  2.0927e+02  2.1047e+02
  2.1167e+02  2.1223e+02  2.1242e+02  2.1255e+02  2.1279e+02  2.1313e+02
  2.1352e+02  2.1400e+02  2.1461e+02  2.1578e+02  2.1811e+02  2.2227e+02
  2.2810e+02  2.3413e+02  2.3983e+02  2.4485e+02  2.4772e+02  2.5167e+02
  2.5670e+02
 
# Last line of file.
